1
2
3
4
5
6
7
8
9
10
11
13
14
16
17
18
19
20
21
22
23
24
25
26
27
28
29
31
32
33
34
35
36
37
38
39
40
41
42
43
44
46
47
48
49
50
51
53
54
55
56
58
59
60
61
66
67
68
69
71
72
73
74
75
78
79
81
82
83
84
85
86
87
88
89
90
91
92
94
96
97
100
101
102
103
104
107
108
109
110
112
113
115
116
117
119
121
124
126
127
128
129
135
136
137
138
140
141
145
152
153
154
155
160
161
162
163
164
165
167
168
169
170
171
172
173
175
177
178
179
180
181
182
183
184
185
186
187
188
190
192
193
194
195
196
197
198
199
200
201
203
204
205
206
207
208
209
210
211
212
213
214
215
216
217
218
219
220
221
222
223
224
225
226
228
229
230
235
236
237
238
239
240
241
242
243
244
246
247
248
249
251
252
253
254
255
256
260
261
262
263
265
267
269
270
271
272
273
274
276
277
278
280
281
282
284
285
286
287
288
289
290
291
292
294
297
298
300
301
303
306
307
308
310
312
314
315
316
317
318
319
320
326
327
332
333
334
335
336
337
338
340
342
344
345
346
347
348
349
350
352
353
354
355
356
357
358
359
360
366
367
368
369
370
373
375
378
379
381
383
384
385
386
387
388
389
390
391
392
393
395
396
397
398
400
402
404
405
406
408
409
410
414
415
420
425
426
430
432
433
434
435
436
437
439
441
442
446
447
450
454
455
456
457
458
460
461
462
463
464
465
466
467
468
469
470
471
472
473
474
476
477
478
479
480
482
483
484
485
486
487
488
489
490
491
492
493
494
496
498
499
502
506
508
509
510
517
518
700
710
715
720
724
725
730
735
740
745
750
755
775
790
795
800
805
812
813
814
815
816
817
826
828
835
836
837
838
839
840
901
902
903
904
906
907
911
912
913
915
921
922
923
924
925
926
927
930
938
940
944
945
946
950
951
952
953
954
955
963
964
965
966
967
968
969
970
971
972
973
974
975
976
977
978
979
980
981
982
983
984
985
986
988
989
